5000 16 5000 5000 5000 5000 5000 5000 5000 5000 5000 5000 5000 5000 5000 5000 5000 5000 5000 5000 5000 5000 5000 5000 5000 5000 5000 5000 5000 5000 5000 5000 5000 5000 5000 5000 5000 5000 5000 5000 5000 5000 5000 5000 5000 5000 5000 5000 5000 5000
16 5000 160 5000 5000 97 5000 5000 5000 5000 5000 5000 5000 5000 5000 5000 5000 5000 5000 5000 5000 5000 5000 5000 5000 5000 5000 5000 5000 5000 5000 5000 5000 5000 5000 5000 5000 5000 5000 5000 5000 5000 5000 5000 5000 5000 5000 5000 5000 5000
5000 160 5000 130 5000 5000 5000 92 5000 5000 5000 5000 5000 5000 5000 5000 5000 5000 5000 5000 5000 5000 5000 5000 5000 5000 5000 5000 5000 5000 5000 5000 5000 5000 5000 5000 5000 5000 5000 5000 5000 5000 5000 5000 5000 5000 5000 5000 5000 5000
5000 5000 130 5000 58 5000 5000 5000 5000 87 5000 5000 5000 5000 5000 5000 5000 5000 5000 5000 5000 5000 5000 5000 5000 5000 5000 5000 5000 5000 5000 5000 5000 5000 5000 5000 5000 5000 5000 5000 5000 5000 5000 5000 5000 5000 5000 5000 5000 5000
5000 5000 5000 58 5000 5000 5000 5000 5000 5000 87 5000 5000 5000 5000 5000 5000 5000 5000 5000 5000 5000 5000 5000 5000 5000 5000 5000 5000 5000 5000 5000 5000 5000 5000 5000 5000 5000 5000 5000 5000 5000 5000 5000 5000 5000 5000 5000 5000 5000
5000 97 5000 5000 5000 5000 150 5000 5000 5000 5000 90 5000 5000 5000 5000 5000 5000 5000 5000 5000 5000 5000 5000 5000 5000 5000 5000 5000 5000 5000 5000 5000 5000 5000 5000 5000 5000 5000 5000 5000 5000 5000 5000 5000 5000 5000 5000 5000 5000
5000 5000 5000 5000 5000 150 5000 20 5000 5000 5000 5000 5000 90 5000 5000 5000 5000 5000 5000 5000 5000 5000 5000 5000 5000 5000 5000 5000 5000 5000 5000 5000 5000 5000 5000 5000 5000 5000 5000 5000 5000 5000 5000 5000 5000 5000 5000 5000 5000
5000 5000 92 5000 5000 5000 20 5000 81 5000 5000 5000 5000 5000 5000 5000 5000 5000 5000 5000 5000 5000 5000 5000 5000 5000 5000 5000 5000 5000 5000 5000 5000 5000 5000 5000 5000 5000 5000 5000 5000 5000 5000 5000 5000 5000 5000 5000 5000 5000
5000 5000 5000 5000 5000 5000 5000 81 5000 42 5000 5000 5000 5000 89 5000 5000 5000 5000 5000 5000 5000 5000 5000 5000 5000 5000 5000 5000 5000 5000 5000 5000 5000 5000 5000 5000 5000 5000 5000 5000 5000 5000 5000 5000 5000 5000 5000 5000 5000
5000 5000 5000 87 5000 5000 5000 5000 42 5000 62 5000 5000 5000 5000 5000 5000 5000 5000 5000 5000 5000 5000 5000 5000 5000 5000 5000 5000 5000 5000 5000 5000 5000 5000 5000 5000 5000 5000 5000 5000 5000 5000 5000 5000 5000 5000 5000 5000 5000
5000 5000 5000 5000 87 5000 5000 5000 5000 62 5000 5000 5000 5000 5000 5000 89 5000 5000 5000 5000 5000 5000 5000 5000 5000 5000 5000 5000 5000 5000 5000 5000 5000 5000 5000 5000 5000 5000 5000 5000 5000 5000 5000 5000 5000 5000 5000 5000 5000
5000 5000 5000 5000 5000 90 5000 5000 5000 5000 5000 5000 140 5000 5000 5000 5000 5000 5000 5000 5000 5000 5000 5000 210 5000 5000 5000 5000 5000 5000 5000 5000 5000 5000 5000 5000 5000 5000 5000 5000 5000 5000 5000 5000 5000 5000 5000 5000 5000
5000 5000 5000 5000 5000 5000 5000 5000 5000 5000 5000 140 5000 10 5000 5000 5000 5000 5000 99 275 5000 5000 5000 5000 5000 5000 5000 5000 5000 5000 5000 5000 5000 5000 5000 5000 5000 5000 5000 5000 5000 5000 5000 5000 5000 5000 5000 5000 5000
5000 5000 5000 5000 5000 5000 90 5000 5000 5000 5000 5000 10 5000 130 5000 5000 5000 5000 5000 5000 5000 5000 5000 5000 5000 5000 5000 5000 5000 5000 5000 5000 5000 5000 5000 5000 5000 5000 5000 5000 5000 5000 5000 5000 5000 5000 5000 5000 5000
5000 5000 5000 5000 5000 5000 5000 5000 89 5000 5000 5000 5000 130 5000 87 5000 5000 5000 5000 5000 5000 5000 5000 5000 5000 5000 5000 5000 5000 5000 5000 5000 5000 5000 5000 5000 5000 5000 5000 5000 5000 5000 5000 5000 5000 5000 5000 5000 5000
5000 5000 5000 5000 5000 5000 5000 5000 5000 5000 5000 5000 5000 5000 87 5000 22 5000 5000 5000 115 5000 5000 5000 5000 5000 5000 5000 5000 5000 5000 5000 5000 5000 5000 5000 5000 5000 5000 5000 5000 5000 5000 5000 5000 5000 5000 5000 5000 5000
5000 5000 5000 5000 5000 5000 5000 5000 5000 5000 89 5000 5000 5000 5000 22 5000 210 5000 5000 5000 5000 5000 5000 5000 5000 5000 5000 5000 5000 5000 5000 5000 5000 5000 5000 5000 5000 5000 5000 5000 5000 5000 5000 5000 5000 5000 5000 5000 5000
5000 5000 5000 5000 5000 5000 5000 5000 5000 5000 5000 5000 5000 5000 5000 5000 210 5000 100 5000 275 95 5000 5000 5000 5000 5000 5000 5000 5000 5000 5000 5000 5000 5000 5000 5000 5000 5000 5000 5000 5000 5000 5000 5000 5000 5000 5000 5000 5000
5000 5000 5000 5000 5000 5000 5000 5000 5000 5000 5000 5000 5000 5000 5000 5000 5000 100 5000 5000 5000 5000 5000 130 5000 5000 5000 5000 5000 5000 5000 5000 5000 5000 5000 5000 5000 5000 5000 5000 5000 5000 5000 5000 5000 5000 5000 5000 5000 5000
5000 5000 5000 5000 5000 5000 5000 5000 5000 5000 5000 5000 99 5000 5000 5000 5000 5000 5000 5000 230 5000 5000 5000 5000 5000 130 5000 5000 5000 5000 5000 5000 5000 5000 5000 5000 5000 5000 5000 5000 5000 5000 5000 5000 5000 5000 5000 5000 5000
5000 5000 5000 5000 5000 5000 5000 5000 5000 5000 5000 5000 275 5000 5000 115 5000 275 5000 230 5000 230 5000 5000 5000 5000 275 5000 5000 115 5000 5000 275 5000 5000 5000 5000 5000 5000 5000 5000 5000 5000 5000 5000 5000 5000 5000 5000 5000
5000 5000 5000 5000 5000 5000 5000 5000 5000 5000 5000 5000 5000 5000 5000 5000 5000 95 5000 5000 230 5000 35 5000 5000 5000 5000 5000 5000 5000 5000 5000 5000 5000 5000 5000 5000 5000 5000 5000 5000 5000 5000 5000 5000 5000 5000 5000 5000 5000
5000 5000 5000 5000 5000 5000 5000 5000 5000 5000 5000 5000 5000 5000 5000 5000 5000 5000 5000 5000 5000 35 5000 99 5000 5000 5000 5000 5000 5000 5000 5000 100 5000 5000 5000 5000 5000 5000 5000 5000 5000 5000 5000 5000 5000 5000 5000 5000 5000
5000 5000 5000 5000 5000 5000 5000 5000 5000 5000 5000 5000 5000 5000 5000 5000 5000 5000 130 5000 5000 5000 99 5000 5000 5000 5000 5000 5000 5000 5000 5000 5000 5000 86 5000 5000 5000 5000 5000 5000 5000 5000 5000 5000 5000 5000 5000 5000 5000
5000 5000 5000 5000 5000 5000 5000 5000 5000 5000 5000 210 5000 5000 5000 5000 5000 5000 5000 5000 5000 5000 5000 5000 5000 80 5000 5000 5000 5000 5000 5000 5000 5000 5000 160 5000 5000 5000 5000 5000 5000 5000 5000 5000 5000 5000 5000 5000 5000
5000 5000 5000 5000 5000 5000 5000 5000 5000 5000 5000 5000 5000 5000 5000 5000 5000 5000 5000 5000 5000 5000 5000 5000 80 5000 15 5000 5000 5000 5000 5000 5000 5000 5000 5000 160 5000 5000 5000 5000 5000 5000 5000 5000 5000 5000 5000 5000 5000
5000 5000 5000 5000 5000 5000 5000 5000 5000 5000 5000 5000 5000 5000 5000 5000 5000 5000 5000 130 275 5000 5000 5000 5000 15 5000 92 5000 5000 5000 5000 5000 5000 5000 5000 5000 5000 5000 5000 5000 5000 5000 5000 5000 5000 5000 5000 5000 5000
5000 5000 5000 5000 5000 5000 5000 5000 5000 5000 5000 5000 5000 5000 5000 5000 5000 5000 5000 5000 5000 5000 5000 5000 5000 5000 92 5000 38 5000 5000 5000 5000 5000 5000 5000 5000 160 5000 5000 5000 5000 5000 5000 5000 5000 5000 5000 5000 5000
5000 5000 5000 5000 5000 5000 5000 5000 5000 5000 5000 5000 5000 5000 5000 5000 5000 5000 5000 5000 5000 5000 5000 5000 5000 5000 5000 38 5000 90 5000 5000 5000 5000 5000 5000 5000 5000 160 5000 5000 5000 5000 5000 5000 5000 5000 5000 5000 5000
5000 5000 5000 5000 5000 5000 5000 5000 5000 5000 5000 5000 5000 5000 5000 5000 5000 5000 5000 5000 115 5000 5000 5000 5000 5000 5000 5000 90 5000 90 5000 5000 5000 5000 5000 5000 5000 5000 5000 5000 5000 5000 5000 5000 5000 5000 5000 5000 5000
5000 5000 5000 5000 5000 5000 5000 5000 5000 5000 5000 5000 5000 5000 5000 5000 5000 5000 5000 5000 5000 5000 5000 5000 5000 5000 5000 5000 5000 90 5000 110 5000 5000 5000 5000 5000 5000 5000 160 5000 5000 5000 5000 5000 5000 5000 5000 5000 5000
5000 5000 5000 5000 5000 5000 5000 5000 5000 5000 5000 5000 5000 5000 5000 5000 5000 5000 5000 5000 5000 5000 5000 5000 5000 5000 5000 5000 5000 5000 110 5000 54 5000 5000 5000 5000 5000 5000 5000 160 5000 5000 5000 5000 5000 5000 5000 5000 5000
5000 5000 5000 5000 5000 5000 5000 5000 5000 5000 5000 5000 5000 5000 5000 5000 5000 5000 5000 5000 275 5000 100 5000 5000 5000 5000 5000 5000 5000 5000 54 5000 28 5000 5000 5000 5000 5000 5000 5000 5000 5000 5000 5000 5000 5000 5000 5000 5000
5000 5000 5000 5000 5000 5000 5000 5000 5000 5000 5000 5000 5000 5000 5000 5000 5000 5000 5000 5000 5000 5000 5000 5000 5000 5000 5000 5000 5000 5000 5000 5000 28 5000 71 5000 5000 5000 5000 5000 5000 160 5000 5000 5000 5000 5000 5000 5000 5000
5000 5000 5000 5000 5000 5000 5000 5000 5000 5000 5000 5000 5000 5000 5000 5000 5000 5000 5000 5000 5000 5000 5000 86 5000 5000 5000 5000 5000 5000 5000 5000 5000 71 5000 5000 5000 5000 5000 5000 5000 5000 160 5000 5000 5000 5000 5000 5000 5000
5000 5000 5000 5000 5000 5000 5000 5000 5000 5000 5000 5000 5000 5000 5000 5000 5000 5000 5000 5000 5000 5000 5000 5000 160 5000 5000 5000 5000 5000 5000 5000 5000 5000 5000 5000 100 5000 5000 5000 5000 5000 5000 87 5000 5000 5000 5000 5000 5000
5000 5000 5000 5000 5000 5000 5000 5000 5000 5000 5000 5000 5000 5000 5000 5000 5000 5000 5000 5000 5000 5000 5000 5000 5000 160 5000 5000 5000 5000 5000 5000 5000 5000 5000 100 5000 89 5000 5000 5000 5000 5000 5000 88 5000 5000 5000 5000 5000
5000 5000 5000 5000 5000 5000 5000 5000 5000 5000 5000 5000 5000 5000 5000 5000 5000 5000 5000 5000 5000 5000 5000 5000 5000 5000 5000 160 5000 5000 5000 5000 5000 5000 5000 5000 89 5000 34 5000 5000 5000 5000 5000 5000 88 5000 5000 5000 5000
5000 5000 5000 5000 5000 5000 5000 5000 5000 5000 5000 5000 5000 5000 5000 5000 5000 5000 5000 5000 5000 5000 5000 5000 5000 5000 5000 5000 160 5000 5000 5000 5000 5000 5000 5000 5000 34 5000 190 5000 5000 5000 5000 5000 5000 123 5000 5000 5000
5000 5000 5000 5000 5000 5000 5000 5000 5000 5000 5000 5000 5000 5000 5000 5000 5000 5000 5000 5000 5000 5000 5000 5000 5000 5000 5000 5000 5000 5000 160 5000 5000 5000 5000 5000 5000 5000 190 5000 110 5000 5000 5000 5000 5000 5000 95 5000 5000
5000 5000 5000 5000 5000 5000 5000 5000 5000 5000 5000 5000 5000 5000 5000 5000 5000 5000 5000 5000 5000 5000 5000 5000 5000 5000 5000 5000 5000 5000 5000 160 5000 5000 5000 5000 5000 5000 5000 110 5000 76 5000 5000 5000 5000 5000 5000 95 5000
5000 5000 5000 5000 5000 5000 5000 5000 5000 5000 5000 5000 5000 5000 5000 5000 5000 5000 5000 5000 5000 5000 5000 5000 5000 5000 5000 5000 5000 5000 5000 5000 5000 160 5000 5000 5000 5000 5000 5000 76 5000 76 5000 5000 5000 5000 5000 5000 5000
5000 5000 5000 5000 5000 5000 5000 5000 5000 5000 5000 5000 5000 5000 5000 5000 5000 5000 5000 5000 5000 5000 5000 5000 5000 5000 5000 5000 5000 5000 5000 5000 5000 5000 160 5000 5000 5000 5000 5000 5000 76 5000 5000 5000 5000 5000 5000 5000 96
5000 5000 5000 5000 5000 5000 5000 5000 5000 5000 5000 5000 5000 5000 5000 5000 5000 5000 5000 5000 5000 5000 5000 5000 5000 5000 5000 5000 5000 5000 5000 5000 5000 5000 5000 87 5000 5000 5000 5000 5000 5000 5000 5000 110 5000 5000 5000 5000 5000
5000 5000 5000 5000 5000 5000 5000 5000 5000 5000 5000 5000 5000 5000 5000 5000 5000 5000 5000 5000 5000 5000 5000 5000 5000 5000 5000 5000 5000 5000 5000 5000 5000 5000 5000 5000 88 5000 5000 5000 5000 5000 5000 110 5000 87 5000 5000 5000 5000
5000 5000 5000 5000 5000 5000 5000 5000 5000 5000 5000 5000 5000 5000 5000 5000 5000 5000 5000 5000 5000 5000 5000 5000 5000 5000 5000 5000 5000 5000 5000 5000 5000 5000 5000 5000 5000 88 5000 5000 5000 5000 5000 5000 87 5000 44 5000 5000 5000
5000 5000 5000 5000 5000 5000 5000 5000 5000 5000 5000 5000 5000 5000 5000 5000 5000 5000 5000 5000 5000 5000 5000 5000 5000 5000 5000 5000 5000 5000 5000 5000 5000 5000 5000 5000 5000 5000 123 5000 5000 5000 5000 5000 5000 44 5000 190 5000 5000
5000 5000 5000 5000 5000 5000 5000 5000 5000 5000 5000 5000 5000 5000 5000 5000 5000 5000 5000 5000 5000 5000 5000 5000 5000 5000 5000 5000 5000 5000 5000 5000 5000 5000 5000 5000 5000 5000 5000 95 5000 5000 5000 5000 5000 5000 190 5000 110 5000
5000 5000 5000 5000 5000 5000 5000 5000 5000 5000 5000 5000 5000 5000 5000 5000 5000 5000 5000 5000 5000 5000 5000 5000 5000 5000 5000 5000 5000 5000 5000 5000 5000 5000 5000 5000 5000 5000 5000 5000 95 5000 5000 5000 5000 5000 5000 110 5000 150
5000 5000 5000 5000 5000 5000 5000 5000 5000 5000 5000 5000 5000 5000 5000 5000 5000 5000 5000 5000 5000 5000 5000 5000 5000 5000 5000 5000 5000 5000 5000 5000 5000 5000 5000 5000 5000 5000 5000 5000 5000 5000 96 5000 5000 5000 5000 5000 150 5000
